0	7,929700619683888625988	3,334658410654069743795	0	1,8
0,0100	7,929414374907825212229929142	3,2363397914982845656695118845	0,0792955892765874049233393815	1,8328599039843900990592025846
0,0200	7,929128140464569523924198000	3,1380247214287099377850824479	0,1585883161565618847510012601	1,8647366393453058416591158897
0,0300	7,928841916353748569406261699	3,0397132003172316429357156031	0,2378781807432496704175503060	1,8956302415729751640734284389
0,0400	7,928555702574989370475755236	2,9414052280357400885572742036	0,3171651831399732630075538352	1,9255407461563448832958851027
0,0500	7,928269499127918962396007451	2,8431008044561303065605406329	0,3964493234500514338902212028	1,9544681885830807432858793316
0,0600	7,927983306012164393893555031	2,7447999294503019531642834144	0,4757306017767992248540383379	1,9824126043395674612123760253
0,0700	7,927697123227352727157656514	2,6465026028901593087283298515	0,5550090182235279482413974114	2,0093740289109087736961650997
0,0800	7,927410950773111037839806293	2,5482088246476112775866446881	0,6342845728935451870832216564	2,0353524977809274830504458086
0,0900	7,927124788649066415053248675	2,4499185945945713878804148027	0,7135572658901547952335853125	2,0603480464321655035197418825
0,1000	7,926838636854845961372491948	2,3516319126029577913911399197	0,7928270973166568975043287275	2,0843607103458839075171475449
0,1100	7,926552495390076792832822437	2,2533487785446932633737293508	0,8720940672763478897996685860	2,1073905250020629718599044626
0,1200	7,926266364254386038929818640	2,1550691922917052023896047589	0,9513581758725204392508032875	2,1294375258794022240033096964
0,1300	7,925980243447400842618865291	2,0567931537159256301398089475	1,0306194232084634843505134636	2,1505017484553204882729547080
0,1400	7,925694132968748360314667524	1,9585206626892911912981206753	1,1098778093874622350877576319	2,1705832282059559320952954853
0,1500	7,925408032818055761890765008	1,8602517190837431533441754929	1,1891333345127981730822629978	2,1896820006061661122265538430
0,1600	7,925121942994950230679046116	1,7619863227712274063965926046	1,2683859986877490517191113953	2,2077981011295280209799499668
0,1700	7,924835863499058963469262122	1,6637244736236944630461077537	1,3476358020155888962833203674	2,2249315652483381324512662496
0,1800	7,924549794330009170508541371	1,5654661715130994581887121331	1,4268827445995880040944193921	2,2410824284336124487427424905
0,1900	7,924263735487428075500903510	1,4672114163114021488587973166	1,5061268265430129446410212458	2,2562507261550865461853025133
0,2000	7,923977686970942915606773744	1,3689602078905669140623062156	1,5853680479491265597153885147	2,2704364938812156215591122595
0,2100	7,923691648780180941442497070	1,2707125461225627546098900544	1,6646064089211879635479952446	2,2836397670791745383124694264
0,2200	7,923405620914769417079852543	1,1724684308793632929500713752	1,7438419095624525429420837351	2,2958605812148578727790246995
0,2300	7,923119603374335620045567576	1,0742278620329467730024130598	1,8230745499761719574082164749	2,3070989717528799603933346514
0,2400	7,922833596158506841320832242	0,9759908394552960599906933751	1,9023043302655941392988232216	2,3173549741565749419047463521
0,2500	7,9225475992669103853408136032	0,8777573630183986402760870403	1,9815312505339632939427432248	2,3266286238879968095896137658
0,2600	7,9222616126991735699941700425	0,7795274325942466211903523191	2,0607553108845198997797625910	2,3349199564079194534618459882
0,2700	7,9219756364549237266225656257	0,6813010480548367308690241289	2,1399765114205007084951467932	2,3422290071758367074817873803
0,2800	7,9216896705337882000201844781	0,5830782092721703180846131718	2,2191948522451387451541683253	2,3485558116499623957634296675
0,2900	7,9214037149353943484332451786	0,4848589161182533520798110918	2,2984103334616633083366294953	2,3539004052872303787799560565
0,3000	7,9211177696593695435595151708	0,3866431684650964224007016465	2,3776229551732999702713803701	2,3582628235432945995676174359
0,3100	7,9208318347053411705478251897	0,2884309661847147387299779044	2,4568327174832705769708318580	2,3616431018725291299279407181
0,3200	7,9205459100729366279975837099	0,1902223091491281307201654590	2,5360396204947932483654639407	2,3640412757280282166282693802
0,3300	7,9202599957617833279582914080	0,0920171972303610478268516660	2,6152436643110823784383290437	2,3654573805616063276006362707
0,3400	7,9199740917715086959290556443	-0,0061843696995574408580791012	2,6944448490353486353595505577	2,3658914518237981981389687352
0,3500	7,9196881981017401708581049633	-0,1043823917685936467732041746	2,7736431747707989616208165029	2,3653435249638588770946261288
0,3600	7,9194023147521052051423036055	-0,2025768691047092620543152968	2,8528386416206365741698683337	2,3638136354297637730702697650
0,3700	7,9191164417222312646266660463	-0,3007678018358613597011653073	2,9320312496880609645449848952	2,3613018186682087006120653705
0,3800	7,9188305790117458286038715435	-0,3989551900900023937442088052	3,0112209990762678990094615242	2,3578081101246099264002181065
0,3900	7,9185447266202763898137787081	-0,4971390339950801994113367995	3,0904078898884494186860842907	2,3533325452431042154378402043
0,4000	7,9182588845474504544429400903	-0,5953193336790379932946053334	3,1695919222277938396915993923	2,3478751594665488772381512949
0,4100	7,9179730527928955421241167825	-0,6934960892698143735169580968	3,2487730961974857532711776868	2,3414359882365218120100114728
0,4200	7,9176872313562391859357930424	-0,7916693008953433198989430170	3,3279514119007060259328743774	2,3340150669933215568417871686
0,4300	7,9174014202371089324016909310	-0,8898389686835541941254228313	3,4071268694406317995820838424	2,3256124311759673318835498849
0,4400	7,9171156194351323414902849676	-0,9880050927623717399122796418	3,4862994689204364916559896082	2,3162281162221990865276078542
0,4500	7,9168298289499369866143168067	-1,0861676732597160831731134555	3,5654692104432897952580094747	2,3058621575684775455873706852
0,4600	7,9165440487811504546303099275	-1,1843267103035027321859347003	3,6446360941123576792922357819	2,2945145906499842554745470475
0,4700	7,9162582789284003458380843431	-1,2824822040216425777598507309	3,7238001200308023885978708279	2,2821854509006216303746754664
0,4800	7,9159725193913142739802713274	-1,3806341545420418934017463141	3,8029612883017824440836574298	2,2688747737530129984209882787
0,4900	7,9156867701695198662418281591	-1,4787825619926023354829580980	3,8821195990284526428623046352	2,2545825946385026478666088154
0,5000	7,9154010312626447632495528829	-1,5769274265012209434059430627	3,9612750523139640583849085822	2,2393089489871558732550818717
0,5100	7,9151153026703166190715990889	-1,6750687481957901397709409593	4,0404276482614640405753685021	2,2230538722277590215892375154
0,5200	7,9148295843921631012169907097	-1,7732065272041977305426307285	4,1195773869740962159647978749	2,2058173997878195384983883063
0,5300	7,9145438764278118906351368337	-1,8713407636543269052167809038	4,1987242685550004878259307309	2,1875995670935660144038599814
0,5400	7,9142581787768906817153465357	-1,9694714576740562369868940010	4,2778682931073130363075231009	2,1684004095699482306828556623
0,5500	7,9139724914390271822863437294	-2,0675986093912596829108448918	4,3570094607341663185687496139	2,1482199626406372058306536520
0,5600	7,9136868144138491136157820301	-2,1657222189338065840775131579	4,4361477715386890689135952437	2,1270582617280252416211388742
0,5700	7,9134011477009842104097596421	-2,2638422864295616657734094385	4,5152832256240062989252422054	2,1049153422532259692656680232
0,5800	7,9131154913000602208123342581	-2,3619588120063850376492957532	4,5944158230932392976004520001	2,0817912396360743955702684759
0,5900	7,9128298452107049064050379787	-2,4600717957921321938867998180	4,6735455640495056314839426093	2,0576859892951269490911710331
0,6000	7,9125442094325460422063922516	-2,5581812379146540133650233431	4,7526724485959191448027608353	2,0325996266476615262886765451
0,6100	7,9122585839652114166714228215	-2,6562871385017967598271443170	4,8317964768355899596006497956	2,0065321871096775376793564868
0,6200	7,9119729688083288316911747052	-2,7543894976814020820470132776	4,9109176488716244758724115660	1,9794837060958959539865875388
0,6300	7,9116873639615261025922271796	-2,8524883155813070139957435680	4,9900359648071253716982649687	1,9514542190197593522894202328
0,6400	7,9114017694244310581362087889	-2,9505835923293439750082955818	5,0691514247451916033781985199	1,9224437612934319621697817291
0,6500	7,9111161851966715405193123682	-3,0486753280533407699500549892	5,1482640287889184055663185153	1,8924523683277997118580127773
0,6600	7,9108306112778754053718100849	-3,1467635228811205893834049566	5,2273737770413972914051922774	1,8614800755324702743767389254
0,6700	7,9105450476676705217575684991	-3,2448481769405020097342923498	5,3064806696057160526601865472	1,8295269183157731136830760410
0,6800	7,9102594943656847721735636399	-3,3429292903592989934587879239	5,3855847065849587598538010262	1,7965929320847595308091701904
0,6900	7,9099739513715460525493960992	-3,4410068632653208892096405040	5,4646858880822057623999970731	1,7626781522452027100010719575
0,7000	7,9096884186848822722468061448	-3,5390808957863724320028251509	5,5437842142005336887385215456	1,7277826142015977648559452399
0,7100	7,9094028963053213540591888472	-3,6371513880502537433840853149	5,6228796850430154464692258018	1,6919063533571617844576106005
0,7200	7,9091173842324912342111092284	-3,7352183401847603315954689790	5,7019723007127202224863798447	1,6550494051138338795104232235
0,7300	7,9088318824660198623578174269	-3,8332817523176830917418587900	5,7810620613127134831129816222	1,6172118048722752284714855411
0,7400	7,9085463910055352015847638755	-3,9313416245768083059574961768	5,8601489669460569742350614803	1,5783935880318691236811945869
0,7500	7,9082609098506652284071145048	-4,0293979570899176435724994617	5,9392330177158087214359817643	1,5385947899907210174921241367
0,7600	7,9079754390010379327692659592	-4,1274507499847881612793759546	6,0183142137250230301307315747	1,4978154461456585683962417036
0,7700	7,9076899784562813180443608288	-4,2255000033891923032995280423	6,0973925550767504857002166751	1,4560555918922316871504604342
0,7800	7,9074045282160234010338029032	-4,3235457174308979015497532642	6,1764680418740379536255445525	1,4133152626247125829005259791
0,7900	7,9071190882798922119667724407	-4,4215878922376681758087383779	6,2555406742199285796223046267	1,3695944937360958093032383906
0,8000	7,9068336586475157944997414549	-4,5196265279372617338835474153	6,3346104522174617897748436211	1,3248933206180983106470091101
0,8100	7,9065482393185222057159890170	-4,6176616246574325717761037305	6,4136773759696732906705360768	1,2792117786611594679707531030
0,8200	7,9062628302925395161251165809	-4,7156931825259300738496660323	6,4927414455795950695340500251	1,2325499032544411451811162050
0,8300	7,9059774315691958096625633210	-4,8137212016704990129952984155	6,5718026611502553943616078126	1,1849077297858277351680377377
0,8400	7,9056920431481191836891214877	-4,9117456822188795507983343760	6,6508610227846788140552420789	1,1362852936419262059186484498
0,8500	7,9054066650289377489904517823	-5,0097666242988072377048348213	6,7299165305858861585570468888	1,0866826302080661466295038547
0,8600	7,9051212972112796297765987503	-5,1077840280380130131880400699	6,8089691846568945389834240193	1,0360997748682998138171530118
0,8700	7,9048359396947729636815061894	-5,2057978935642232059148158419	6,8880189851007173477593243955	0,9845367630054021774270428199
0,8800	7,9045505924790459017625325761	-5,3038082210051595339120932456	6,9670659320203642587524846890	0,9319936300008709669407578804
0,8900	7,9042652555637266084999665095	-5,4018150104885391047333027468	7,0461100255188412274076590629	0,8784704112349267174815959912
0,9000	7,9039799289484432617965421749	-5,4998182621420744156248021423	7,1251512656991504908808460757	0,8239671420865128159184793279
0,9100	7,9036946126328240529769548197	-5,5978179760934733536922985162	7,2041896526642905681735107388	0,7684838579332955469682013787
0,9200	7,9034093066164971867873762536	-5,6958141524704391960672641928	7,2832251865172562602668017298	0,7120205941516641392960096863
0,9300	7,9031240108990908813949703613	-5,7938067914006706100733466782	7,3622578673610386502557637580	0,6545773861167308116145244608
0,9400	7,9028387254802333683874086332	-5,8917958930118616533927726043	7,4412876952986251034835450863	0,5961542692023308187809931252
0,9500	7,9025534503595528927723857157	-5,9897814574317017742327456543	7,5203146704329992676756002149	0,5367512787810224978928808485
0,9600	7,9022681855366777129771349785	-6,0877634847878758114918384898	7,5993387928671410730738877062	0,4763684502240873143817971284
0,9700	7,9019829310112361008479440969	-6,1857419752080639949263786680	7,6783600627040267325710631809	0,4150058189015299081057584899
0,9800	7,9016976867828563416496706546	-6,2837169288199419453168285538	7,7573784800466287418446674616	0,3526634201820781394397873462
0,9900	7,9014124528511667340652577620	-6,3816883457511806746341592242	7,8363940449979158794913098736	0,2893412894331831353648470996
1,0000	7,9011272292157955901952496947	-6,4796562261294465862062183720	7,9154067576608532071608467017	0,2250394620210193355551135253
1,0100	7,9008420158763712355573075445	-6,5776205700824014748840921953	7,994416618138402069690554803	0,1597579733104845384635825096
1,0200	7,9005568128325220090857248938	-6,6755813777377025272084612923	8,073423626533520095239300386	0,0934968586651999474060141966
1,0300	7,9002716200838762631309435028	-6,7735386492230023215759505407	8,152427782949161195421702927	0,0262561534475102166432136105
1,0400	7,8999864376300623634590690184	-6,8714923846659488284054729805	8,231429087488275565442294267	-0,0419641069815165025383521967
1,0500	7,8997012654707086892513866937	-6,9694425841941854103045676863	8,310427540253809684229672837	-0,1111638872620885157476004037
1,0600	7,8994161036054436331038771347	-7,0673892479353508222357316404	8,389423141348706314570653065	-0,1813431520356905394115420290
1,0700	7,8991309520338956010267320551	-7,1653323760170792116827455959	8,468415890875904503244409946	-0,2525018659450836546996548253
1,0800	7,8988458107556930124438700553	-7,2632719685670001188169939400	8,547405788938339581156618730	-0,3246399936343052614499194070
1,0900	7,8985606797704643001924524158	-7,3612080257127384766637785523	8,626392835638943163473589814	-0,3977574997486690320965185481
1,1000	7,8982755590778379105223989081	-7,4591405475819146112686266606	8,705377031080643149756398764	-0,4718543489347648655991995819
1,1100	7,8979904486774423030959036227	-7,5570695343021442418635926903	8,784358375366363724095011508	-0,5469305058404588413742998552
1,1200	7,8977053485689059509869508178	-7,6549949860010384810335541139	8,863336868599025355242404676	-0,6229859351148931732274351684
1,1300	7,8974202587518573406808307825	-7,7529169028062038348825012964	8,942312510881544796748681118	-0,7000206014084861632878511494
1,1400	7,8971351792259249720736557151	-7,8508352848452422031998213363	9,021285302316835087095180543	-0,7780344693729321559444374874
1,1500	7,8968501099907373584718756259	-7,948750132245750879626575908	9,100255243007805549828585371	-0,8570275036612014917834049853
1,1600	7,8965650510459230265917942518	-8,046661445135322551821773101	9,179222333057361793695021690	-0,9369996689275404615276253532
